[([10, 1], 0.10099999617785216), ([10, 0.3], 0.1009999967366457), ([10, 0.1], 0.10089999545365572), ([10, 0.03], 0.11349999539554119), ([10, 0.01], 0.11349999617785216), ([20, 1], 0.1009999967738986), ([20, 0.3], 0.1009999967738986), ([20, 0.1], 0.10099999658763409), ([20, 0.03], 0.11349999586120248), ([20, 0.01], 0.11349999576807022), ([50, 1], 0.10089999694377184), ([50, 0.3], 0.10099999645724893), ([50, 0.1], 0.09799999594688416), ([50, 0.03], 0.11349999573081732), ([50, 0.01], 0.1134999953582883), ([80, 1], 0.113499995470047), ([80, 0.3], 0.10279999691992998), ([80, 0.1], 0.09739999581128359), ([80, 0.03], 0.9799999797344208), ([80, 0.01], 0.11349999576807022)]


sigmoid. ACTUALLY u=50 here
conv1
[([5, 0.01], 0.8942000150680542), ([10, 0.01], 0.892500011920929), ([20, 0.01], 0.893100014925003), ([50, 0.01], 0.8949000054597854)]
relu conv1
[([5, 0.01], 0.11349999608471989), ([10, 0.01], 0.11349999625235796), ([20, 0.01], 0.1134999956190586), ([50, 0.01], 0.11349999634549021)]
[([1, 0.1], 0.9737000036239624), ([1, 0.01], 0.1134999955072999), ([1, 0.001]11349999625235796), ([5, 0.1], 0.9761000007390976), ([5, 0.01], 0.1134999953774), ([5, 0.001], 0.1134999947808683), ([10, 0.1], 0.9721000069379806), ([10,1], 0.11349999647587537), ([10, 0.001], 0.113499995470047), ([20, 0.1], 0.973072717666), ([20, 0.01], 0.11349999580532312), ([20, 0.001], 0.11349999580532, ([50, 0.1], 0.9695000088214875), ([50, 0.01], 0.113499995470047), ([50, 0.0 0.11349999591708183)]
[([1, 0.3], 0.10279999665915966), ([1, 0.1], 0.9760999983549118), ([1, 0.03], 0.940700010061264), ([3, 0.3], 0.10279999654740095), ([3, 0.1], 0.974199994802475), ([3, 0.03], 0.9482000082731247)]
ACTUAL (linear still u=50)
[([1, 0.1], 0.11349999539554119), ([1, 0.03], 0.11349999587982892), ([3, 0.1], 0.11349999599158764), ([3, 0.03], 0.11349999569356442), ([10, 0.1], 0.9237000197172165), ([10, 0.03], 0.11349999602884055), ([20, 0.1], 0.9662000072002411), ([20, 0.03], 0.1134999967366457), ([50, 0.1], 0.9721999871730804), ([50, 0.03], 0.959000004529953)]
0.1 works well.
conv
[([1, 0.1], 0.11349999532103539), ([1, 0.03], 0.10279999556019902), ([3, 0.1], 0.10319999568164348), ([3, 0.03], 0.09739999648183584), ([10, 0.1], 0.10099999587982893), ([10, 0.03], 0.11349999649450183), ([20, 0.1], 0.11349999532103539), ([20, 0.03], 0.11349999599158764), ([50, 0.1], 0.11349999655038118), ([50, 0.03], 0.10279999580234289)]

relu conv1 ACTUAL (uniform u)
[([1, 0.1], 0.11349999584257603), ([1, 0.03], 0.11349999641999603), ([3, 0.1], 0.1134999954327941), ([3, 0.03], 0.11349999576807022), ([10, 0.1], 0.11349999509751797), ([10, 0.03], 0.1134999955072999), ([20, 0.1], 0.8692000007629395), ([20, 0.03], 0.11349999578669667), ([50, 0.1], 0.9740000069141388), ([50, 0.03], 0.9543000143766404)]
u1, u2 (with all (2,2)
[([1, 1, 0.1], 0.11349999591708183), ([1, 3, 0.1], 0.11349999573081732), ([1, 10, 0.1], 0.11349999580532312), ([1, 20, 0.1], 0.10099999627098441), ([1, 50, 0.1], 0.11349999589845539), ([3, 1, 0.1], 0.1134999966993928), ([3, 3, 0.1], 0.11349999584257603), ([3, 10, 0.1], 0.11349999573081732), ([3, 20, 0.1], 0.10099999643862248), ([3, 50, 0.1], 0.1134999967366457), ([10, 1, 0.1], 0.11349999632686376), ([10, 3, 0.1], 0.11349999643862248), ([10, 10, 0.1], 0.11349999532103539), ([10, 20, 0.1], 0.11349999576807022), ([10, 50, 0.1], 0.10319999640807509), ([20, 1, 0.1], 0.1134999956190586), ([20, 3, 0.1], 0.11349999599158764), ([20, 10, 0.1], 0.11349999666213989), ([20, 20, 0.1], 0.11349999578669667), ([20, 50, 0.1], 0.11349999690428376), ([50, 1, 0.1], 0.1134999956190586), ([50, 3, 0.1], 0.11349999621510505), ([50, 10, 0.1], 0.11349999558180571), ([50, 20, 0.1], 0.11349999569356442), ([50, 50, 0.1], 0.113499995470047)]
[([1, 1, 0.1], 0.11349999625235796), ([1, 3, 0.1], 0.11349999602884055), ([1, 10, 0.1], 0.1134999967738986), ([1, 20, 0.1], 0.11349999643862248), ([1, 50, 0.1], 0.11349999539554119), ([3, 1, 0.1], 0.11349999632686376), ([3, 3, 0.1], 0.11349999606609344), ([3, 10, 0.1], 0.11349999658763409), ([3, 20, 0.1], 0.11349999694153666), ([3, 50, 0.1], 0.10089999672025442), ([10, 1, 0.1], 0.11349999569356442), ([10, 3, 0.1], 0.11349999591708183), ([10, 10, 0.1], 0.11349999509751797), ([10, 20, 0.1], 0.11349999628961087), ([10, 50, 0.1], 0.09739999681711196), ([20, 1, 0.1], 0.11349999614059925), ([20, 3, 0.1], 0.11349999606609344), ([20, 10, 0.1], 0.11349999632686376), ([20, 20, 0.1], 0.11349999628961087), ([20, 50, 0.1], 0.10319999624043703), ([50, 1, 0.1], 0.11349999614059925), ([50, 3, 0.1], 0.11349999506026506), ([50, 10, 0.1], 0.11349999582394958), ([50, 20, 0.1], 0.11349999625235796), ([50, 50, 0.1], 0.1031999958306551)]

cut 3rd layer
[([1, 1, 0.1], 0.11349999621510505), ([1, 3, 0.1], 0.1134999967738986), ([1, 10, 0.1], 0.113499995470047), ([1, 20, 0.1], 0.11349999610334635), ([1, 50, 0.1], 0.11349999643862248), ([3, 1, 0.1], 0.11349999606609344), ([3, 3, 0.1], 0.11349999595433474), ([3, 10, 0.1], 0.11349999671801925), ([3, 20, 0.1], 0.11349999599158764), ([3, 50, 0.1], 0.113499995470047), ([10, 1, 0.1], 0.11349999571219087), ([10, 3, 0.1], 0.11349999576807022), ([10, 10, 0.1], 0.1134999954327941), ([10, 20, 0.1], 0.1134999954327941), ([10, 50, 0.1], 0.113499995470047), ([20, 1, 0.1], 0.11349999565631151), ([20, 3, 0.1], 0.11349999558180571), ([20, 10, 0.1], 0.11349999584257603), ([20, 20, 0.1], 0.1134999956190586), ([20, 50, 0.1], 0.11349999636411667), ([50, 1, 0.1], 0.11349999615922571), ([50, 3, 0.1], 0.1134999955072999), ([50, 10, 0.1], 0.11349999591708183), ([50, 20, 0.1], 0.11349999610334635), ([50, 50, 0.1], 0.11349999651312828)]


*

[([1, 1, 0.1], 0.11349999610334635), ([1, 3, 0.1], 0.1134999955445528), ([1, 10, 0.1], 0.34409998923540114), ([1, 20, 0.1], 0.8740999990701676), ([1, 50, 0.1], 0.9202000284194947), ([3, 1, 0.1], 0.11349999466910958), ([3, 3, 0.1], 0.12329999566078186), ([3, 10, 0.1], 0.8923000180721283), ([3, 20, 0.1], 0.9205000120401382), ([3, 50, 0.1], 0.9539000189304352), ([10, 1, 0.1], 0.4935999855399132), ([10, 3, 0.1], 0.8918000113964081), ([10, 10, 0.1], 0.9436000102758407), ([10, 20, 0.1], 0.9619000077247619), ([10, 50, 0.1], 0.9755000013113022), ([20, 1, 0.1], 0.8731000059843064), ([20, 3, 0.1], 0.9266000187397003), ([20, 10, 0.1], 0.9551000082492829), ([20, 20, 0.1], 0.9670000034570694), ([20, 50, 0.1], 0.9811999869346618), ([50, 1, 0.1], 0.9127000111341477), ([50, 3, 0.1], 0.9509000116586686), ([50, 10, 0.1], 0.9682999992370606), ([50, 20, 0.1], 0.9787999922037125), ([50, 50, 0.1], 0.11389999572187662)]
*
with 1* dirichlet
[([1, 1, 0.1], 0.11439999597147107), ([1, 3, 0.1], 0.1689999942481518), ([1, 10, 0.1], 0.8489999932050705), ([1, 20, 0.1], 0.8939000105857849), ([1, 50, 0.1], 0.9286000144481659), ([3, 1, 0.1], 0.168999994546175), ([3, 3, 0.1], 0.8372999882698059), ([3, 10, 0.1], 0.9085000187158585), ([3, 20, 0.1], 0.935600016117096), ([3, 50, 0.1], 0.9562000107765197), ([10, 1, 0.1], 0.8465999966859817), ([10, 3, 0.1], 0.9066000181436539), ([10, 10, 0.1], 0.9474000030755997), ([10, 20, 0.1], 0.9632000088691711), ([10, 50, 0.1], 0.974699998497963), ([20, 1, 0.1], 0.8929000145196915), ([20, 3, 0.1], 0.9297000175714493), ([20, 10, 0.1], 0.9672000014781952), ([20, 20, 0.1], 0.9686999982595443), ([20, 50, 0.1], 0.9769999951124191), ([50, 1, 0.1], 0.9259000158309937), ([50, 3, 0.1], 0.958200010061264), ([50, 10, 0.1], 0.9756999915838241), ([50, 20, 0.1], 0.975999995470047), ([50, 50, 0.1], 0.37819999098777773)]
*
3 layers, 1 epoch
[([1, 1, 0.1], 0.10279999641701579), ([1, 3, 0.1], 0.10279999671503902), ([1, 10, 0.1], 0.11349999722093344), ([1, 20, 0.1], 0.10279999619349837), ([1, 50, 0.1], 0.10279999604448677), ([3, 1, 0.1], 0.10279999604448677), ([3, 3, 0.1], 0.16499999545514585), ([3, 10, 0.1], 0.1134999967366457), ([3, 20, 0.1], 0.14119999587535859), ([3, 50, 0.1], 0.8297999882698059), ([10, 1, 0.1], 0.11999999601393938), ([10, 3, 0.1], 0.7060999751091004), ([10, 10, 0.1], 0.9002999967336655), ([10, 20, 0.1], 0.9220000064373016), ([10, 50, 0.1], 0.9500999987125397), ([20, 1, 0.1], 0.8043999874591827), ([20, 3, 0.1], 0.9107000011205674), ([20, 10, 0.1], 0.9443000119924545), ([20, 20, 0.1], 0.9592999941110611), ([20, 50, 0.1], 0.9684000116586685), ([50, 1, 0.1], 0.9330000060796738), ([50, 3, 0.1], 0.957000008225441), ([50, 10, 0.1], 0.9701999938488006), ([50, 20, 0.1], 0.9726999974250794), ([50, 50, 0.1], 0)]
3 layers, 3 epochs
[([10, 10, 0.3], 0.9780999988317489), ([10, 10, 0.1], 0.9688999944925308), ([10, 10, 0.03], 0.9306000167131424), ([10, 10, 0.01], 0.8832000094652176), ([10, 20, 0.3], 0.985499986410141), ([10, 20, 0.1], 0.9796999937295914), ([10, 20, 0.03], 0.9538000118732453), ([10, 20, 0.01], 0.907100020647049), ([10, 50, 0.3], 0.9863999879360199), ([10, 50, 0.1], 0.9835999834537507), ([10, 50, 0.03], 0.9712999999523163), ([10, 50, 0.01], 0.9356000000238418), ([20, 10, 0.3], 0.9868999856710434), ([20, 10, 0.1], 0.9794999867677688), ([20, 10, 0.03], 0.9675000017881393), ([20, 10, 0.01], 0.9300000113248825), ([20, 20, 0.3], 0.9849999845027924), ([20, 20, 0.1], 0.9851999902725219), ([20, 20, 0.03], 0.9768999963998795), ([20, 20, 0.01], 0.9511000072956085), ([20, 50, 0.3], 0.10099999632686377), ([20, 50, 0.1], 0.9831999939680099), ([20, 50, 0.03], 0.9827999901771546), ([20, 50, 0.01], 0.9702999997138977), ([50, 10, 0.3], 0), ([50, 10, 0.1], 0.9864999866485595), ([50, 10, 0.03], 0.9825999933481216), ([50, 10, 0.01], 0.9728999948501587), ([50, 20, 0.3], 0.10279999636113643), ([50, 20, 0.1], 0.984799981713295), ([50, 20, 0.03], 0.9858999919891357), ([50, 20, 0.01], 0.9792999881505966), ([50, 50, 0.3], 0), ([50, 50, 0.1], 0), ([50, 50, 0.03], 0.9858999860286712), ([50, 50, 0.01], 0.9831999856233596)]

